361648	438493
434981	846740
390237	577977
528596	868027
768204	438493
312638	616919
835220	400909
543606	891835
219457	731593
852746	904700
694953	197344
322171	845229
120076	662982
325466	255653
343433	780757
104154	251877
538214	417728
877381	494671
528596	585640
25493	412301
498344	625990
553829	175010
208398	909954
872310	558520
365423	867923
857934	854209
896450	604646
725962	38716
336463	312638
321753	29758
239837	845229
660210	0
522510	320258
502280	471056
266938	741330
570294	69200
209754	818345
198078	169762
68704	907084
554441	677789
283476	491156
222904	449439
662982	0
862008	559625
578649	885067
69618	796411
169762	587645
169762	76868
898319	891835
877381	891835
556570	3501
577132	449439
719026	169762
65302	848513
510754	417728
471056	693274
120182	867959
496782	175728
807658	242490
389904	654625
414038	108113
810323	432487
334440	208398
588022	21875
854209	11342
416170	397816
335113	32366
135478	438493
725545	10260
625990	5319
293748	11342
232639	378566
152061	20191
729703	169316
283476	867923
336463	500627
483838	654625
52684	136733
659888	300017
425102	659942
363220	578122
588022	559767
732540	796411
263225	904700
56203	483166
242490	527419
670462	208191
867923	846213
247548	11927
810380	757939
720270	858420
459923	29758
312638	752882
294155	527419
190079	438493
118398	571331
893714	857527
172576	38716
222904	562986
310547	197344
118398	102341
855011	0
293131	727660
37796	559767
120182	585431
271676	10453
56203	438493
788071	565670
603853	818816
627418	341259
273716	102341
335113	15901
658437	571585
251448	260412
669643	417728
32382	625990
402977	220965
578649	867923
625714	26256
740065	857527
852746	795003
322178	867923
649828	625990
512812	854209
768204	558815
616836	293131
830507	412740
309564	417728
907084	517246
176178	695376
392477	757356
309564	784413
659942	392567
752874	414473
807267	11342
37796	21875
136593	846213
292101	833053
868027	886955
427309	245186
603853	176178
818816	226594
68369	234606
366080	0
412740	796411
720270	460410
263225	795003
561337	11342
852419	11342
597524	896949
226594	528596
677789	554441
760842	637361
502280	780757
257738	796411
325466	294887
868027	417728
815602	0
680052	273716
432487	20191
728417	760842
764878	40669
665759	861594
615930	537167
333501	295675
414038	335113
874936	818816
548921	637361
904700	649716
515514	471231
316749	169316
427365	402977
524242	818816
343433	471056
562986	331850
824020	387543
259204	468651
631381	830507
21875	615930
146550	547989
434981	665759
535748	867923
477647	199986
721453	0
272070	817484
609104	438493
695578	0
412301	25493
381762	135478
746613	334440
190621	438493
760842	835220
438493	455062
70082	835704
259336	298770
287468	891835
615930	343433
659888	298770
659942	273068
81453	569594
432279	272070
293131	764106
499324	649716
880088	87753
814002	70053
32382	392477
321753	699442
672426	466045
692491	637361
160114	701455
649828	392477
616836	746613
292101	549387
807658	242080
494671	857527
901600	438493
645018	867923
553829	867923
293748	760842
859941	344781
857934	0
665759	434981
400909	891835
577132	705154
625890	483838
752874	373871
344781	654625
631381	654625
430049	0
103142	484480
385830	853058
684435	38716
233177	65302
309564	27469
899420	190621
741330	266938
867923	500627
222904	705154
896450	643627
442324	11342
293131	52426
385830	659942
732540	347098
331850	73352
722764	795003
234606	432487
293131	321421
655101	38716
276347	845229
29546	0
232480	221809
559767	615930
381833	796411
333501	483166
193375	0
553829	479014
390237	24440
912018	311622
363712	914941
417809	741330
245632	722764
412301	577588
780663	891835
643627	166029
251448	403688
459923	699442
578122	113766
81453	659888
177732	181012
390237	620286
427309	649828
527419	913550
91807	322178
745315	432476
76868	246522
615930	502280
392477	604059
534181	870300
658661	438493
714886	765654
333501	438493
496782	76868
891835	857527
534181	603853
815602	807267
642451	570294
872310	47276
273716	880088
392477	763148
104154	438493
652810	572204
780757	693274
363220	835974
515680	298002
235849	11342
397816	402977
363220	11395
273068	438493
498344	392477
381762	658661
215810	178215
544103	345378
514123	784027
556570	298770
16790	438493
240602	298002
432279	477327
654625	98303
600594	535748
810380	874285
51804	99199
245632	263225
721453	48065
914941	500542
523684	120076
240416	11342
298002	516246
232480	867923
507819	169316
512812	0
311844	37134
293131	795918
20191	759922
625990	852746
728417	11342
845116	907084
534181	874936
417809	266938
818816	852097
292101	68369
795003	649716
812955	386555
108113	15901
884543	867923
826226	417728
381762	210167
549423	759922
569594	298770
440954	559767
512812	857934
823296	208398
210167	438493
471915	11342
316420	537167
72432	891835
442324	760541
90128	867923
232639	866784
753441	259753
221809	320258
603853	861038
208191	670462
56203	295675
679719	571331
440954	21875
491156	701455
812955	571331
210167	552166
466045	395856
209754	113766
612032	11342
82737	402977
833053	292101
722764	904700
516246	759922
232639	690669
759922	255653
232639	727918
498344	263225
781402	440954
516246	515680
235849	0
563600	867923
82737	136733
764878	603853
255653	298002
136131	108113
603853	273068
417539	25935
425102	207770
784413	891835
191253	741868
703678	674972
471056	705154
807658	896450
516246	240602
491156	283476
152983	810380
136733	52684
732540	417728
293131	334440
39711	596104
845229	417728
219457	643627
417539	818816
283476	701455
239837	914590
240416	0
512812	11342
549423	240602
293131	198078
703678	52347
34682	417728
417809	65517
728417	0
549387	292101
321753	562986
597524	417728
904700	37134
852097	343746
741330	604646
245632	392477
693274	265746
649716	245632
833053	234606
336463	10453
764878	216950
428822	578649
670462	114502
273716	789355
549423	515680
764878	874936
582015	169316
745315	671586
417539	157321
361648	602606
163801	449439
846213	914941
874936	59116
65302	483838
172576	543999
381762	177098
471915	0
559767	61827
745315	388509
20191	515680
628457	898319
387543	703678
130741	479137
334440	597524
591577	336463
259336	351926
471056	781402
78635	915907
522149	845116
120182	654625
69618	417728
620286	442720
659888	351926
79448	640910
20191	240602
417809	294155
298002	549387
284174	38716
259336	137408
759922	890335
571331	62075
146550	253951
242490	166029
0	11342
585431	233177
527419	8899
232639	71854
874936	273068
331282	891835
248295	64987
335113	512812
544103	722141
652776	783225
230053	32163
417539	176178
24440	442720
266294	528596
649828	722764
612032	0
397816	136733
649828	892616
32382	722764
459923	562986
569594	351926
136733	438493
846213	824948
136593	416555
232639	79448
713924	26256
104154	561738
257738	417728
271676	312638
687914	284174
768204	183202
222904	29758
135478	877491
234606	259204
311622	294155
389904	585431
609316	554086
721453	11342
725962	543999
627418	860475
321753	449439
91807	523684
91807	795148
152996	891835
570294	561738
620286	897642
815602	714886
291036	824587
554441	764527
136131	335113
417539	153630
857934	11342
483838	585431
781402	37796
861594	665759
251877	600020
577132	835481
764527	857527
367595	29546
392477	852746
649828	263225
349364	483838
483644	891835
780757	449439
232480	320258
136593	535748
412740	417728
32382	263225
745315	207414
912018	679719
912018	812955
266938	248983
693274	21875
11342	38716
417809	604646
498344	722764
417809	656867
297674	874936
890335	255653
292101	516246
90128	215810
335160	38716
298002	68369
190079	649828
215810	795591
239837	577977
37134	823296
459923	449439
271676	500627
238717	891835
498344	892616
190621	578122
425102	771807
430049	11342
311622	273716
652810	29080
294887	835220
90128	320258
403327	891835
160114	283476
221809	712952
221809	867923
363220	295675
570294	810323
442324	0
628457	780663
351926	81453
118398	800517
591577	867923
616919	810380
390237	845229
556570	351926
835220	363129
846740	861594
322171	577977
660210	760842
693274	559767
817484	803972
193375	11342
266938	643627
634053	719026
135478	652776
297674	603853
796411	807027
81453	251877
113766	362910
662982	760842
732662	220965
914418	76868
855011	11342
528596	880088
208950	810323
627418	532829
68369	292101
627418	530098
273068	245094
659888	659942
248983	527419
740065	563600
5319	795003
654625	633727
163088	246522
0	824020
677007	867923
309564	499324
190621	285770
483955	25527
672426	417728
427365	136733
112028	888546
416555	544103
585431	807027
293131	382680
190621	863554
846213	120076
29595	190621
565670	915074
157321	483955
597927	412740
426673	546448
208191	114502
428079	250578
136733	82737
108113	512812
803972	740065
11342	309564
190621	835974
701087	336463
807267	0
203547	891835
272070	477327
534181	544548
627418	742671
427309	438493
381833	417728
220965	416170
427309	509424
266294	118398
37134	858952
554441	891835
522510	867923
665759	156738
846740	434981
343433	276347
907084	185019
914418	857527
208950	561738
205034	417728
561337	0
852419	0
508819	417728
609104	649828
198078	200177
309564	115472
363220	483166
163801	705154
442720	321753
183202	29056
748632	38716
741330	643627
867923	136593
392477	5319
577977	46516
160114	867923
471056	449439
868027	835704
515514	375689
643627	527419
807658	410250
318873	26256
146550	189768
311844	649716
442324	130741
365423	821092
815602	11342
86094	891835
81453	438493
553829	628457
795003	37134
484480	103142
835220	687914
877491	814002
222904	699442
862008	190359
527419	113766
659942	818816
140656	891835
52684	402977
432279	817484
427309	51790
780757	781402
60892	184056
658661	877491
221809	232480
672426	554441
104154	659888
334440	381762
245094	874936
311622	528596
423387	417728
527419	2185
527419	10062
266938	604646
828241	857527
483955	880088
826226	796411
245094	603853
136733	427365
91807	856657
609316	641610
193375	760842
854209	857934
239837	24440
230053	124093
417809	643627
603853	392567
528596	534181
5319	904700
662982	11342
351926	104154
861594	846740
416170	556570
245094	851276
491156	867923
769029	558540
363220	438493
245632	625990
410250	643627
20842	190621
703678	110364
298002	833053
276347	577977
325466	890335
230053	624731
483955	537437
239837	620286
136593	867923
803972	891835
796411	233177
233177	360446
11342	835220
660210	11342
812955	800517
752874	375836
679719	800517
654625	117967
701087	867923
176178	483955
459923	705154
807658	219457
649716	32382
721453	760842
823296	597524
874936	392567
780757	705154
694953	219457
807027	65302
854209	0
199986	477647
892443	517635
571331	79448
769029	305945
190621	344562
654625	580715
745315	610355
459943	719026
815602	810019
634053	184056
835974	871664
210167	51589
29546	608806
628457	86094
764878	857527
649716	498344
499324	37134
830675	891835
294887	298002
658661	652776
11342	387543
16790	649828
321753	705154
293748	0
502280	276347
143557	867923
453275	867923
104154	569594
713924	118891
793245	783065
344781	585431
631381	585431
276347	88610
427309	494463
604646	643627
32382	609104
416170	187973
265746	417728
553829	685926
27469	588022
753441	768204
874936	786977
722764	852746
656867	643627
15901	857934
417809	166029
753441	195901
588022	37796
859941	585431
68704	3899
309564	701087
649828	609104
643627	741330
597927	233177
191253	553829
118398	273716
226594	880088
544103	537167
157321	332399
523684	846213
311622	800517
363129	848683
810019	11342
387341	11342
852746	5319
112028	404278
333501	410250
381833	483838
861594	701642
659942	412301
96460	867923
293131	380653
293131	728857
443590	65302
627418	247397
725962	0
830621	105637
474050	385770
695578	387543
541385	417728
287957	752472
824020	0
534181	835704
426673	117313
471056	577977
764878	417728
427309	649716
233177	127597
434138	600594
625890	796411
37796	440954
914941	891835
570294	311622
857527	535748
810323	516246
625990	904700
298770	81453
56203	896450
257509	190521
91807	417728
615930	780757
904700	496782
221809	401556
389904	859941
169762	459943
649828	16790
263225	5319
160241	537167
490171	247548
548921	0
553829	780663
901354	364836
190621	219457
499324	649828
456978	11342
793245	206651
597524	810783
914418	31447
402977	427365
294887	255653
483838	859941
15901	0
16790	37134
293131	438493
635163	283476
273716	294887
319393	760842
6096	837661
332399	207770
810380	632721
760842	0
654625	139739
694953	344562
311844	438493
680052	571331
361648	739757
498344	190079
502280	537167
496782	240354
321961	891835
554441	612032
694953	835974
660210	637361
500542	11342
245632	499324
322171	781402
25493	392567
38716	856657
634053	643775
862008	176178
172576	0
507819	316749
725545	381762
662982	637361
229705	867923
47276	872106
745315	285
588022	440954
392477	750176
38716	857527
321753	24440
807267	609210
248983	266938
242490	604646
343433	537167
676560	11342
427309	752155
321753	620286
630273	123612
498344	609104
649828	34431
226594	534181
151091	417728
615930	471056
78482	438493
294155	625714
297674	417728
322171	705154
32382	190079
609104	37134
810380	337338
719026	114502
835974	417728
43929	115472
417539	862008
625714	294155
582015	907084
643627	266938
649828	190079
412301	273068
169762	634053
293131	534716
846740	514067
184056	208191
335113	891835
302284	0
659942	25493
507819	729703
463078	11342
862008	738952
798461	524242
814002	732514
293131	720912
239837	705154
169762	60892
459923	620286
438493	30115
402977	82737
244080	472379
720270	226511
390237	699442
276347	449439
197743	0
68369	240602
620286	71368
625990	795003
230053	885760
62075	642451
652810	433703
68369	515680
459923	24440
846213	535748
483838	658437
807658	835974
29758	331850
496782	178781
795003	649828
553829	898319
283476	630273
845229	592438
363129	891835
848683	363129
741330	166029
310547	344562
527419	561131
652776	135478
24440	239837
732540	483838
807658	243366
415030	867923
862008	191869
649828	427309
807658	578122
320258	867923
292101	259204
780757	54119
433516	149447
877491	210167
793245	21328
302403	417728
544103	403364
695578	38716
856657	867923
32382	427309
480435	0
496782	60892
215810	867923
239837	562986
319393	11342
70082	659942
582015	617547
417539	535748
620286	239837
538214	271676
294155	318873
65302	417728
318873	123388
426673	703091
491156	401556
25493	273068
669643	339789
56203	410250
363220	242490
160997	190621
298770	104154
37134	597524
136131	522510
336463	616919
130954	41742
343433	502280
344781	859941
631381	859941
336463	752882
273716	528596
877491	658661
234606	516246
293131	43422
69618	483838
857527	867923
655101	0
251877	351926
426863	0
190079	37134
402977	438493
725545	597524
890335	298002
892443	830675
312638	500627
287957	438493
266938	166029
597927	807027
257509	865871
807658	209754
333501	896450
177732	757056
432279	803972
417539	190359
163801	577977
553829	86094
272391	169316
136593	120076
283476	72432
316420	321753
412301	392567
15901	854209
638706	891835
426673	238671
679719	273716
812955	273716
392477	890370
26960	826226
427309	206331
443868	135478
694953	243366
199986	6096
714886	0
240602	890335
477647	309564
157321	70082
553829	483644
222904	845229
118398	760842
263225	852746
710366	139739
846213	453275
82205	867923
684131	351926
108113	891835
692491	0
652776	658661
459923	577977
746613	877491
502280	343433
239837	449439
245094	417728
276347	705154
423387	874936
208950	311622
96460	283476
257738	483838
752874	714765
298002	432487
349364	417728
366080	835220
266294	585640
498344	427309
443868	210167
459943	643775
821092	867923
423387	603853
220965	397816
412301	679149
412740	483838
721453	637361
120182	344781
245632	311844
904700	649828
3501	732662
322171	449439
440954	37796
38716	523684
38716	795148
559767	322171
514123	6289
20191	292101
146550	70053
316308	89364
266294	868027
515680	890335
294155	78635
745315	438493
321753	577977
549423	292101
442324	912954
412301	396984
242490	643627
659888	901546
549387	240602
877491	135478
451592	867923
549387	515680
402977	52684
635163	867923
652776	210167
722764	5319
276347	781402
815602	520734
284174	11342
914418	118027
780757	577977
764527	554441
115472	891835
390237	29758
21875	322171
745315	476901
443868	658661
130954	857527
868027	891962
366080	387543
577132	845229
746613	652776
846213	867923
273068	226594
516246	292101
833053	759922
527419	417728
37134	775365
855011	835220
38716	684417
239196	254737
222904	24440
609104	649716
152061	468651
316749	907084
498344	311844
852419	365270
62929	867923
363220	417809
70082	805930
817484	477327
273068	810869
245632	427309
363220	410250
56203	242490
833053	515680
719026	670462
477647	6096
251877	298770
198078	42344
222904	620286
245094	835704
135478	334440
558815	191253
332399	659942
149447	229705
833053	240602
701642	103142
570294	864668
245632	903416
417809	527419
515680	255653
692491	11342
385830	573377
549387	759922
428822	877381
255653	890335
240602	255653
239837	699442
625890	417728
309564	684417
215810	320258
390237	705154
499324	438493
701455	283476
669643	62075
807658	483166
443868	177098
230053	812640
510754	62929
37134	32382
732662	427365
311844	649828
234606	68369
516246	234606
693274	440954
52347	711744
896450	291975
310547	438493
534181	51195
108113	826226
311622	571331
416555	163801
208950	812955
208950	679719
108113	136131
810323	833053
670462	12489
284174	0
38716	322178
412301	818816
652776	177098
466045	891835
5319	852746
891835	417728
120182	859941
914418	60892
507819	272391
523684	416555
298002	259204
523684	535748
37796	189943
220965	556570
37134	498344
752882	438493
120076	891835
616919	665759
60892	228357
61311	403493
172576	725962
759922	298002
826226	631381
874936	20733
745315	399818
177732	703020
20191	234606
793245	507033
432487	468651
728417	637361
719026	208191
725962	172576
193375	692485
620286	459923
896450	43379
177218	867923
800517	592438
635163	821092
480435	11342
729703	907084
693274	37796
634053	914418
293131	891228
628457	553829
184056	114502
432279	116160
322171	693274
616919	438493
38716	645018
877491	177098
548921	760842
293131	877491
160997	557276
254529	867923
845229	46516
654625	807027
363712	867923
695578	556570
24440	459923
16790	649716
234606	549387
433516	891835
616836	146550
32382	402392
867959	891835
61311	818816
319393	0
817484	272070
670462	169762
795003	438493
625890	23316
434138	857527
423387	61311
649828	311844
694953	438493
32382	311844
732662	82737
385830	781180
309564	798461
78635	294155
631381	344781
684131	298770
60892	914418
177098	438493
257509	72503
310547	175501
215810	29950
859941	654625
427309	722045
68704	169316
542362	62075
807658	438493
283476	867959
691037	812242
38677	522149
781402	559767
11342	0
655101	11342
292101	432487
426863	11342
665759	514067
471056	845229
294887	468354
387543	856657
826226	483838
363220	219457
830507	807027
257509	374837
852097	880088
190621	713924
417809	265746
818816	764878
699442	331850
741330	527419
705154	397547
714886	11342
753441	562433
656867	124605
190621	242080
199986	309564
385830	417728
293131	652776
319393	193375
427309	37134
781402	21875
334440	725545
335160	627418
242490	741330
172576	11342
68369	759922
780757	845229
318873	294155
318873	625714
312638	10453
426673	321820
226594	585640
658661	334440
857527	500627
578122	417728
335113	136131
226594	868027
500542	0
577132	577977
207770	176178
245632	609104
732662	438493
335113	826226
252685	247548
199986	38716
333501	242490
290906	494543
523684	453275
746613	380653
321753	845229
676560	0
277443	438493
239837	29758
498344	499324
760842	118398
38716	3501
554441	197743
166029	592438
810323	68369
273068	184365
603853	412301
331850	133398
670462	852514
80791	190621
845116	169316
65302	796411
266938	527419
95880	438493
297674	835704
679719	468354
234606	833053
302284	11342
463078	0
392477	904700
868027	363073
692491	760842
507819	907084
80950	632721
852419	38716
244080	570853
207770	157321
874936	412301
725545	208398
830675	692491
293748	637361
390237	449439
523684	867923
637361	365423
795148	867923
578122	333501
746613	438493
222904	577977
414038	522510
136733	220965
558815	759119
259204	20191
636635	891835
578649	914941
874936	667543
459923	845229
309564	857527
459923	358478
656867	77145
553829	102234
363220	896450
615930	276347
197743	11342
209754	56203
273068	117473
163801	845229
687914	385830
793245	460767
677789	857527
316420	390237
434981	701642
810019	0
387341	0
483955	558371
190079	649716
628457	867923
732662	52684
500627	867923
27469	435804
32382	499324
570294	679719
570294	812955
483838	344781
483166	592438
830507	233177
271676	616919
701455	867923
500627	677007
522149	438493
209754	417728
649828	499324
325466	298002
768204	684435
208191	169762
810323	549387
817484	189731
725962	11342
190621	197344
524242	25493
48192	891835
335160	187104
874936	25493
389904	344781
244080	611682
176178	425102
652810	728367
25493	818816
912018	561738
691037	167513
764878	835704
807658	295675
309564	483838
476073	872310
300017	239196
643627	604646
37134	245632
534181	417728
846213	500627
230053	138746
759119	424195
276347	693274
349364	796411
300017	426673
603853	25493
207770	153630
695578	251448
294887	890335
548921	11342
245632	190079
800517	659942
687914	891835
293131	119278
242490	266938
272070	803972
684435	266368
636635	308533
442720	537167
287468	721453
271676	752882
284174	130741
443590	257738
713924	78635
654625	233177
760842	11342
578122	56203
392477	795003
251877	3501
594337	879086
390237	562986
856353	867923
209754	333501
684417	867923
456978	0
273068	513162
904700	438493
701642	484480
29758	220994
649828	71631
15901	11342
507819	38677
291036	607888
483838	807027
298770	659888
208398	597524
815602	433516
765654	0
544103	638263
542362	643627
490171	190621
498344	245632
250578	674972
344781	233177
631381	233177
387543	11342
728417	701385
500627	110364
562986	239837
520734	11342
120076	867959
527419	71149
248295	660082
527419	641211
222904	321753
149447	11342
392477	531500
522510	826226
477647	893862
343433	449439
672426	442324
297674	32714
544103	416627
852097	784062
522510	136131
753441	537388
293131	746613
183202	148777
835220	456978
52347	147045
846213	701642
417539	483955
21875	559767
426863	857527
60892	246522
655101	857527
349364	65302
722764	37134
79448	344699
649716	263225
542362	248983
414038	854209
389904	807027
658661	616836
625990	438493
559767	21875
810380	417728
896450	453717
857934	108113
197743	540772
325466	68369
524242	852097
56203	606472
385830	38716
153630	176178
16790	852746
612032	554441
146550	552166
363129	203547
796411	585431
234606	292101
417809	310547
431394	227154
62929	0
68369	468651
514067	701642
578122	438493
434138	11342
745315	748597
665759	701642
120182	662982
298770	556570
534181	476495
79448	104702
868027	528596
3501	397816
740065	677789
720270	184056
293131	70046
417539	528596
781402	471056
146550	438493
544103	302155
512812	335113
670462	60892
245632	438493
3501	82737
79448	764785
828241	891835
821092	11342
527419	916081
294887	129341
684435	802179
483955	659942
426673	635991
16790	263225
184056	76868
210167	592438
729080	0
298770	569594
625890	257738
416555	760471
703678	710366
37134	904700
578649	891835
120182	167852
818816	835704
311844	904700
852097	768696
209754	166029
625890	412740
91807	891835
322178	754862
609210	891835
563600	128750
474050	556570
471056	276347
6096	888546
363220	80791
807267	72432
507819	830621
276347	537167
322178	891835
746613	210167
627418	816904
701087	835220
130954	0
11342	867923
417539	558371
392477	245632
857527	11342
136593	835220
136593	789355
80950	616919
25493	245094
169762	177732
318873	898559
172576	628457
151091	632721
904700	609104
814002	790973
160997	344562
248983	113766
781402	780757
544103	449439
914418	169762
24440	620286
293131	499324
293131	720675
537167	133398
899420	197344
898319	867923
877381	867923
157321	629450
891835	693969
603853	561097
233177	859941
484480	861594
798461	852097
76868	670462
68704	281774
426673	62929
56203	644853
616836	725545
37134	499324
725545	177098
294887	259204
527419	835974
877491	652776
300017	510754
331850	442720
311844	499324
242490	600594
416555	828241
637361	0
826226	233177
190079	5319
247548	164521
381762	334440
862008	350190
746613	135478
752882	111408
630273	109849
298002	759922
603853	538682
163088	184056
20191	516246
316308	802594
16790	722764
52347	773282
322171	502280
423387	226594
5319	649716
190621	133009
230053	397978
210167	547989
703678	39711
901354	262406
701455	872739
56203	244080
32382	245632
578122	483166
603853	407474
283476	891835
96460	760842
868027	558371
230053	480032
901354	350801
649828	245632
659888	810323
72432	283476
514123	806993
620286	24440
780663	553829
543999	38716
729703	157161
835220	11342
244080	643627
620286	741644
293131	640340
273068	874936
483166	513718
745315	329835
544103	382983
209754	438493
691037	179681
102341	810323
609104	263225
334440	146550
190621	29595
512812	108113
215810	205420
753441	2330
645018	556570
322171	343433
534181	868027
516246	20191
415030	11342
254529	0
554441	857527
152061	890335
160241	449439
442720	699442
311844	795003
176178	835704
862008	764833
549423	516246
534181	585640
320258	11342
471056	322171
70082	852097
37134	795003
544103	103873
523684	240416
637361	721453
412740	167852
852097	62399
234606	189375
331850	537167
177218	0
325466	549387
535748	828241
856657	11342
845229	705154
795003	427309
543606	867923
759922	833053
215810	11342
319393	867923
846213	507819
578122	166029
102341	891835
534181	438493
136131	11342
427309	625990
535748	541385
810323	298002
846740	484480
857934	335113
502280	449439
627418	417728
549387	259204
400909	535748
26960	153630
104154	492896
534181	447840
807658	363220
3501	427365
163088	186096
255653	468651
273068	603853
365423	891835
833053	432487
316420	845229
363712	0
764878	251909
215810	191612
153741	0
464743	530338
434138	387341
293131	177098
464225	891835
649716	722764
527419	265746
609104	852746
440954	615930
720270	114502
80950	752882
210167	610899
846740	103142
577132	44270
294887	468651
21875	577977
859941	534452
434981	514067
242490	80791
414038	512812
363220	363636
795003	190079
239837	537167
780757	322171
392477	32382
199986	768204
499324	16790
259336	474050
297674	245094
846213	240512
907084	894409
72432	867923
90128	891835
392477	649828
309564	294155
332399	528596
571331	232639
240602	432487
343433	781402
868027	118398
136593	765654
208398	522415
830675	684820
68704	720675
463078	867923
884543	891835
745315	601439
360656	882297
670462	246522
643627	606472
291036	391388
634053	60892
578122	295675
135478	616836
361648	113766
251937	417728
544103	879204
397816	220965
414038	0
896450	190621
322171	537167
335160	139786
753441	148777
570294	637365
29595	219457
515680	432487
830621	169316
553829	71878
609104	5319
302403	632721
412740	831713
221809	489129
899420	643627
642451	864668
795148	0
523684	0
316308	705169
524242	226594
649828	32382
654625	344781
402977	732662
759922	549387
699442	537167
15901	320258
298002	890335
203547	254529
752882	417728
325466	833053
867923	414038
845229	367595
821092	760842
32382	649828
807658	361648
814002	891442
569594	659888
321753	239837
483166	643627
208398	303066
862008	813816
556570	569594
874936	226594
874936	855717
569594	259336
597927	859941
239837	442720
414038	857934
332399	483955
310547	190621
483838	233177
588022	615930
577132	240730
484480	434981
500542	867923
764527	891835
747775	110561
245094	319276
208398	438493
494324	417809
477647	152983
257509	16698
266294	835704
291036	641261
720270	719026
785262	743660
190079	263225
635163	760842
118398	136593
417539	847868
807027	483838
830507	344781
830507	631381
528596	334211
432279	6096
637361	728417
61311	59549
427309	519306
297674	819664
670462	648719
343433	705154
152061	759922
745315	153094
232639	912339
556570	659888
229705	11342
392477	498344
3501	52684
344781	807027
631381	807027
11342	322178
556570	259336
82737	220965
163088	118398
245094	609206
835220	480435
273716	136593
333501	606472
432279	291036
309564	118398
559767	577977
810323	292101
877491	208398
603853	226594
38716	815602
499324	609104
835974	344562
34682	627418
32382	498344
740065	130954
569594	556570
412301	245094
427309	392477
310547	417728
582015	879086
585431	796411
157321	176178
232480	891835
248295	528330
562433	741868
220965	402977
412740	443590
677789	11342
160241	189278
649828	498344
199986	803972
459923	239837
594337	205694
169762	643775
807658	56203
528596	777620
760842	821092
208191	60892
676560	867923
699442	442720
835220	426863
745315	557214
255653	259204
190079	852746
169762	438493
752882	483644
62075	266294
703678	253125
389904	233177
814002	804464
680052	570294
527419	578122
363220	160997
659888	569594
136593	414038
169316	438493
425102	70082
336463	438493
81453	298770
16790	5319
498344	649828
498344	32382
544103	190917
259336	569594
754862	291179
852097	698535
898319	553829
320258	15901
333501	644853
190079	722764
535748	494671
768204	769029
309564	11342
276347	343433
652810	588
800517	273716
527419	889948
652776	208398
680052	208950
828228	907084
807658	417728
904700	427309
499324	190079
693274	502280
265746	344562
654625	483838
65517	520553
11342	645018
360656	181158
483955	320045
166029	643627
197743	857527
544103	36295
502280	705154
259204	234606
745315	840820
652776	531500
759922	68369
637361	293748
634053	459943
37796	615930
37134	70053
732662	136733
562986	883199
780663	867923
443590	417728
333501	244080
780757	276347
152061	325466
684417	0
456978	867923
385830	438493
302284	857527
745315	85378
349364	810323
845229	449439
27469	316420
609316	515514
70082	226594
191253	725666
293131	288261
556570	474050
37134	311844
259336	556570
176178	157321
209754	295675
659888	556570
578649	464743
227142	27469
250578	110364
263225	37134
672426	0
136131	15901
544103	781402
523684	815602
293131	794310
856353	0
160241	705154
25493	451697
215810	15901
157321	153630
597927	681717
616919	417728
442720	29758
500627	0
795003	609104
852097	550555
890335	20191
694953	190621
710396	289609
221809	136131
659942	528596
812955	340683
835974	265746
663429	0
287468	867923
701455	0
160241	566915
68369	259204
221809	826226
852746	37134
553829	543999
643627	644853
725545	293131
3501	438493
535748	891835
272070	693969
311622	912018
577977	845229
432487	759922
765654	471915
38716	0
52684	416170
571331	556570
649716	5319
588022	316420
232639	290832
620286	577977
713924	29595
659888	355303
615930	845229
198078	115021
679719	412301
810019	867923
387341	867923
152061	468354
38677	169316
914941	549387
502280	781402
628457	0
443590	654625
694953	417728
807027	344781
784413	898132
890335	516246
483955	603853
292101	255653
784413	857527
826226	807027
830507	483838
273716	862008
86094	628457
823296	797977
645018	891835
553829	891835
852419	417728
494324	266938
659888	259336
297674	609210
795003	417728
817484	199986
907084	258019
96460	11342
909387	907084
798461	226594
514123	322566
259336	659888
400909	867923
234606	298002
443868	208398
542362	513718
679719	129341
276347	502280
316308	901994
764878	245094
423387	266294
24440	577977
807658	333501
136593	38716
190621	899420
287468	160114
442324	732803
693274	343433
544103	705154
542362	294155
259336	684131
293131	426160
221809	891835
442720	705154
255653	538849
298770	438493
37134	903416
659888	684131
403327	867923
890335	549387
427309	768782
877491	438493
768204	753441
625990	649828
591577	891835
625990	32382
68369	432487
363220	133009
528596	430335
615930	559767
242490	606472
578122	265746
548921	867923
815602	152996
311844	427309
814002	865737
316420	577977
295675	643627
37134	427309
753441	38716
25493	438493
643627	80791
826226	443590
133009	197344
652810	311713
852097	475392
238717	867923
381833	480574
807027	859941
385830	640295
854209	335113
477647	803972
830621	438493
500627	284174
914941	26960
25493	585640
615930	21875
136593	102341
15901	522510
432487	515680
318873	435527
499324	904700
70082	528596
392477	73496
807658	310547
760842	867923
273716	857527
672426	11342
754862	385830
474050	438493
443868	381762
649716	625990
20842	294155
239196	619545
245632	32382
543999	891835
874936	26469
856353	11342
245632	649828
732540	807027
904700	311844
177732	908200
427309	892616
874936	350457
343433	37796
363712	760842
684417	11342
160241	835481
720270	670462
5319	858643
199986	152983
160241	412527
427309	722764
69618	760842
120182	807027
293131	111061
609316	652810
432487	240602
874936	377980
15901	867923
719026	76868
25493	868027
292101	890335
302403	438493
130954	760842
732662	402977
38716	11342
273716	659942
297674	122269
56203	160997
496782	97585
594337	907084
160997	438493
152996	867923
659942	226594
334440	616836
846213	240416
535748	434138
628457	11342
857527	852419
500627	11342
219457	417728
502280	440954
70082	810869
333501	80791
625990	498344
795003	499324
609210	637361
118398	659942
591577	494671
663429	11342
616919	752882
701455	11342
72432	821092
62075	812955
320258	854209
652776	381762
846740	701642
76868	114502
381833	233177
259204	292101
266938	56203
637361	760842
209754	527419
221809	20157
366080	417728
659888	251877
553829	31300
780757	471056
483644	867923
571331	684131
259336	251877
725962	867923
758316	250578
807658	694953
798461	528596
824020	867923
136131	854209
535748	149447
5319	37134
207770	332399
578122	835974
52347	253125
537167	219979
309564	858643
146550	51589
37796	537167
27469	659942
427309	839933
597927	483838
215810	854209
570294	136593
16790	625990
637361	548921
163088	208191
754862	891835
245632	498344
219457	190621
534181	245094
753441	79125
363220	29595
69618	807027
477647	768204
544103	480698
427309	883892
96460	0
414038	118398
499324	795003
679719	152061
80791	344562
5319	405192
232639	735142
830621	346882
412740	408958
79448	279642
302284	867923
537167	705154
914418	130954
588022	537167
562433	417728
220965	136733
363220	113766
630273	553800
417539	852097
868027	548209
321753	459923
877491	381762
103142	434981
796411	654625
366080	600249
91807	414038
412740	807027
298002	255653
226594	818816
745315	417728
645018	309564
343433	440954
890335	68369
637361	692491
316308	912854
209754	265746
417809	363220
32366	806443
810323	234606
523684	11342
746613	293131
527419	438493
795148	11342
232480	136131
703678	70521
78482	769084
152061	515680
257738	807027
745315	237902
427365	416170
361648	366737
221809	732287
874936	90074
417539	548209
861594	514067
232480	826226
833053	468651
20191	833053
496782	914418
431394	134471
554441	50822
37134	78931
896450	426789
416555	431394
266294	273068
854209	108113
654625	48747
874936	601675
500627	500542
221809	308533
414038	11342
874936	528596
830507	859941
569594	251877
316308	662090
38677	62376
146550	622917
255653	432487
86094	553829
443868	438493
556570	684131
197743	867923
331282	867923
524242	528596
266938	417728
440954	502280
795003	904700
658661	146550
152061	240602
753441	270009
720270	208191
76868	184056
283476	765654
432279	309564
172576	867923
740065	764527
90128	826226
392477	538121
229705	0
656867	29595
427309	852746
652776	438493
710396	705237
81453	137408
70082	558371
597927	344781
784413	867923
494671	891835
81453	351926
654625	859941
191253	83091
90128	136131
245094	438493
609316	174526
266294	417728
247548	891835
764878	335332
293131	316853
796411	417728
569594	684131
169762	496782
528596	25493
70521	417728
240602	259204
239196	300017
366080	560047
752882	616919
603853	528596
266938	333501
898319	628457
627418	97205
549423	833053
293131	809211
190079	392477
198078	468173
609104	625990
108113	335113
759922	516246
385830	891835
563600	891835
365423	637361
556570	251877
242490	644853
440954	343433
210167	189768
514067	484480
273068	154050
62075	273716
293131	871711
56203	600594
245094	868027
403688	684635
38677	438493
515680	259204
459923	321753
322171	615930
516246	833053
662982	178215
665759	484480
507819	879086
260412	877355
91807	38716
336463	632721
554441	281963
810380	411815
722764	649716
242490	244080
578122	527419
672426	507819
208398	503200
534181	386555
534181	576874
81453	501149
427309	263225
759922	20191
677789	0
800517	311622
183202	438493
245094	585640
163088	670462
387341	857527
502280	37796
209754	835974
879086	907084
417809	56203
588022	502280
291036	213523
483955	40669
210167	339789
516246	549387
665759	103142
852746	649716
781402	322171
43929	891835
37134	609104
91807	438493
720341	27469
266294	392567
701455	760842
343433	693274
198078	202763
514067	103142
257509	819692
585431	417728
684131	154115
600594	438493
311844	609104
483955	344791
130954	11342
226511	169762
725545	210167
325466	20191
34682	335160
403688	482983
705169	27469
136131	857934
874936	27363
643627	160997
857527	0
655101	867923
215810	857934
426863	867923
38716	760842
741330	417728
427309	5319
190621	677774
113766	197344
904700	499324
381833	807027
24440	845229
616836	334440
828241	438493
659942	266294
209754	578122
558815	237837
183202	38716
859941	65302
885067	464743
271676	438493
320258	857934
443590	585431
293131	867980
684435	300017
293131	658661
423387	528596
61311	868027
381762	725545
276347	316420
549387	432487
273068	465689
143557	891835
453275	891835
29758	537167
835220	0
714886	867923
335113	108113
768204	788071
325466	516246
52684	220965
637361	11342
830675	867923
440954	537167
833053	259204
333501	5601
729703	879086
745315	419746
701087	494671
257509	196299
81453	483838
620286	845229
616836	804095
290906	569201
61311	585640
615930	577977
569594	438493
628457	725962
428822	891835
69618	233177
582015	437873
335160	300003
72432	701455
56203	80791
103142	861594
427309	605856
273716	160241
752882	791928
266294	273927
311622	570294
392477	438493
703678	824948
320258	0
387543	477647
20191	549387
725545	658661
298002	240602
363220	899420
585431	654625
177218	11342
877491	597524
417809	361648
29595	643627
764878	868027
856657	0
276347	472379
240602	468651
252685	190621
480435	867923
810380	116160
199986	893862
471056	780757
140656	867923
764878	585640
215810	512812
136593	169762
556570	438493
333501	160997
136131	512812
441116	843911
190079	625990
43929	494671
432279	693969
176178	417728
904700	795003
507819	828228
298002	515680
265746	438493
26960	392567
815602	543606
609104	392477
294887	432487
415030	0
740065	891835
254529	11342
588022	343433
273068	25493
293131	118237
846213	477647
609316	710396
541385	438493
765654	676560
428822	494671
363712	11342
221809	692485
764878	438493
542362	367595
153741	11342
316420	620286
104154	298770
80950	417728
507819	909387
320258	512812
257509	192398
554441	563600
528596	862008
29758	442720
824020	535748
435804	27469
701087	891835
360656	6096
152061	255653
412301	379221
233177	344781
136593	891835
169762	914418
803972	867923
628457	172576
515680	468651
160997	52690
553829	38716
32382	438493
215810	0
416170	691264
293131	210167
198078	163088
244080	896450
263225	649716
893714	891835
442720	449439
835220	430049
316420	24440
136131	0
732540	233177
795003	311844
491156	891835
120182	233177
741330	333501
293131	66873
912018	208950
649828	438493
725962	553829
273716	684417
571331	669643
293131	863274
37796	343433
417539	572704
703678	623907
387543	0
652776	597524
428822	43929
669643	367595
520734	0
823296	810783
625990	245632
571331	438493
417809	333501
635163	0
309564	367595
417539	145031
298770	251877
11342	856657
390237	442720
363220	244080
149447	0
3501	556570
760842	283476
91807	835220
434138	29546
273068	412301
912018	570294
81453	659942
514123	146864
852097	889722
562986	321753
516246	68369
198078	187994
113766	411736
177732	424796
765654	11342
603853	118398
230053	486651
297674	438493
198078	772592
222904	239837
451592	0
835974	438493
86094	867923
810380	616919
316749	879086
695578	417728
52347	39711
781402	276347
135478	146550
569594	835220
649716	392477
846213	0
549423	68369
535748	765654
616836	291469
311622	208950
359799	906569
293131	135478
244080	676913
351926	154115
297674	585640
208950	136593
528596	344791
160114	891835
643627	600594
297674	868027
385830	674683
82737	416170
449439	784977
295675	197344
276347	615930
427309	153607
6096	543999
294155	20842
133009	643627
562986	459923
559767	845229
703678	773282
570294	712872
848683	891835
824020	322178
625890	65302
677007	891835
578122	209754
502280	693274
397816	416170
417809	190621
91807	387543
62929	11342
233177	483838
562433	425770
434138	0
252685	361648
412301	585640
442720	562986
701642	514067
561337	120076
251877	154115
498344	438493
311844	190079
725545	135478
390237	537167
272070	6096
37134	190079
6096	441116
752874	874740
245632	496782
443590	796411
412740	233177
868027	226594
815602	287468
136593	43929
443590	794116
20191	68369
867923	891835
410250	190621
412301	868027
215810	48065
172576	553829
82205	0
810380	752882
597524	823296
745315	544982
272070	291036
292101	759922
692491	867923
693274	615930
780663	628457
208398	578337
257738	233177
514067	581095
649828	876483
259204	298002
151091	438493
890335	833053
417809	417728
37796	502280
21875	845229
499324	311844
885067	530338
226594	835704
349364	257738
680052	912018
298770	684131
240416	703678
293131	778129
414038	15901
659888	438493
432487	255653
554441	867923
259336	438493
522510	891835
210167	253951
571331	542362
16790	392477
412301	438493
426673	300212
753441	438493
523684	760842
741330	56203
582015	830621
563600	515927
496782	169762
29546	417728
746613	177098
360656	396161
333501	600594
293131	46288
402977	136733
907084	547356
443868	597524
821092	0
176178	361648
403688	607148
874936	118398
291036	2330
537167	449439
203547	867923
392477	239625
745315	664019
729080	11342
349364	412740
417539	522419
108113	232480
118398	27469
868027	32714
335113	867923
427365	82737
569594	154115
852746	438493
879086	169316
914418	114502
687914	415030
884543	11342
659888	528596
210167	70053
654625	585431
69618	412740
812955	208950
679719	208950
334440	210167
363220	56203
559767	37796
292101	234606
69618	257738
273716	27469
412301	528596
24440	29758
177732	438493
309564	740065
237837	191253
427309	16790
471915	867923
440954	322171
477327	477647
845116	879086
740065	612032
29758	239837
68369	833053
90128	11342
826226	349364
585431	483838
909387	86526
209754	896450
659942	297674
807658	160997
335113	522510
205034	438493
191253	263277
814002	834077
412740	381833
582015	513044
135478	746613
909387	438493
381762	877491
3501	220965
612032	867923
82737	52684
701642	434981
363129	867923
616836	597524
37134	391201
95880	542157
442720	577977
5319	787739
190079	795003
570294	912018
781402	537167
745315	863599
904700	625990
649716	402392
538214	632721
294887	68369
684131	438493
901354	760006
276347	471056
620286	29758
108113	90128
527419	65517
867959	701455
807027	796411
120182	69618
176178	417539
427309	138833
476073	558520
649716	311844
427365	397816
316420	705154
273068	818816
609210	760842
591577	855011
645018	463078
62075	542362
471056	615930
325466	412301
427309	609104
549387	68369
229705	891835
208398	801558
494671	0
65302	233177
381762	652776
732540	412740
741330	644853
331850	459923
62075	438493
656867	417728
334440	658661
62929	38716
868027	799008
527419	294155
392477	649716
81453	104154
656867	807920
528596	885738
291036	239790
247548	0
265746	643627
166029	344562
120182	412740
62075	669643
21875	37796
695578	856657
764527	11342
397816	52684
857527	306723
60892	857527
120182	257738
417809	899420
29595	438493
311844	5319
235849	867923
563600	0
753441	31263
732540	257738
828228	438493
234606	759922
496782	162112
363220	361648
37134	5319
523684	835220
826226	65302
722764	83676
385830	0
896450	677774
190621	248295
523684	789355
637361	765654
693274	471056
136593	367595
656867	190621
245094	118398
208398	297481
534181	307161
857934	320258
603853	62475
190079	499324
5319	245632
846213	476073
615930	449439
800517	810323
414038	136131
432487	298002
604646	190621
331850	321753
535748	387341
16790	311844
741330	244080
780663	898319
577977	449439
199986	432279
414038	826226
259204	255653
815602	177218
169762	670462
649828	649716
157321	659942
240416	867923
232480	11342
522510	854209
785262	773962
319393	630273
542362	613978
335160	417728
830507	585431
720270	169762
877491	334440
499324	392477
728417	867923
297674	528596
745315	592438
32382	649716
263225	438493
677789	891835
600594	608806
874936	893345
257509	417305
257738	732540
309564	891835
764878	528596
427309	190079
52684	556570
221809	0
190079	904700
385830	663556
835974	643627
417539	258319
534181	226594
442324	867923
392567	42132
591577	0
578122	896450
741330	606472
914941	867923
351926	438493
425102	909452
68704	656642
311622	659942
759922	468651
591577	80950
868027	880088
293131	161066
392477	850183
233177	654625
826226	752874
768204	359799
830507	796411
363220	333501
603853	483633
914418	184056
293131	730115
417809	244080
363712	414038
835220	828241
416170	402977
901354	875232
852097	603853
102341	760842
255653	833053
294887	549387
245094	590081
537167	577977
221809	512812
210167	135359
705154	537167
298002	292101
746613	146550
290906	439775
321961	867923
366080	795148
133009	438493
745315	603853
810380	10453
417539	880088
543999	0
222904	537167
693274	780757
585431	344781
643775	169762
594337	169316
817484	672426
365423	760842
191253	712291
659942	245094
652776	334440
38716	789355
38716	835220
440954	276347
25493	118398
857527	556570
163088	169762
658661	293131
852097	415788
20191	432487
82737	438493
309564	169762
312638	438493
559767	440954
833053	20191
898319	86094
549423	432487
670462	76868
272070	199986
535748	11342
498344	649716
61311	182239
609104	311844
423387	438493
232639	661551
684417	835220
198078	297780
477647	817484
334440	135478
807658	677774
184056	60892
266294	874936
349364	233177
443868	334440
397816	438493
609316	785262
61311	441823
810323	890335
78482	879086
259336	154115
233177	417728
363220	190621
366080	500627
659888	154115
846740	665759
476073	872106
257738	412740
669643	494671
672426	835220
747775	417728
534181	750072
807027	585431
527419	656867
812955	94466
276347	780757
392477	856881
577132	537167
823296	890895
625890	91576
219457	21090
833053	516246
679719	570294
21875	440954
284174	417728
466045	11927
642451	556570
221809	857934
812955	570294
325466	259204
290906	521687
859941	224722
654625	796411
795003	392477
271676	230933
152061	298002
846213	711744
222904	442720
634053	720270
649828	229076
483955	885738
483166	344562
5319	169762
176178	659942
636635	821092
81453	794973
344781	65302
631381	65302
38716	387543
494324	438493
81563	684131
160114	26867
423387	868027
669643	561738
512812	320258
61311	528596
754862	0
528596	835704
311622	857527
645018	11342
553829	11342
363220	417728
896450	177661
135478	177098
169762	208191
817484	693969
251877	438493
266294	603853
899420	344562
891835	0
412740	257738
390237	239837
283476	760842
96460	891835
232639	873005
516246	432487
907084	248522
133009	60496
520734	891835
81563	438493
603853	585640
630273	150357
240512	178530
588022	276347
65302	807027
609104	904700
387543	891835
464743	115516
891835	235849
240602	516246
149447	891835
426673	41620
759922	259204
760842	108113
16790	795003
635163	891835
522510	857934
293131	754629
244080	527419
672426	130954
649716	499324
15901	108113
561337	867923
852419	867923
615930	705154
251877	684131
695578	500627
209754	741330
351926	251877
523515	544103
515680	20191
522149	38677
451592	891835
438493	877491
769029	38716
410250	592438
807658	80791
603853	868027
542362	285770
24440	699442
417809	133009
577977	705154
427309	215164
230053	48888
273068	500741
846213	891835
544103	819962
523684	38716
387543	810323
578122	219457
846213	754862
240602	20191
38716	765654
720270	914418
449439	3501
649828	370422
835974	197344
291036	698504
82737	397816
232480	15901
199986	272070
483955	818816
245094	528596
559767	693274
616919	10453
565670	364657
293131	616836
257509	569764
115472	867923
544103	845229
603853	438493
160114	0
297674	118398
848683	0
515680	516246
298770	154115
102341	118398
658661	746613
496782	208191
620286	699442
597927	654625
266938	606472
549387	833053
287957	879086
649828	783953
208398	207530
434138	891835
273068	835704
70521	347305
16790	499324
577132	160241
748632	768204
538214	151091
609210	205420
108113	522510
677007	0
845229	438493
210167	177098
542362	556570
861594	434981
90128	15901
522510	512812
37796	322171
874936	838648
190079	311844
868027	120733
332399	425102
316420	449439
725545	616836
442720	24440
255653	549387
294887	833053
68704	303895
615930	781402
867923	0
810323	759922
578122	266938
496782	725290
502280	845229
207770	483955
852097	324051
293131	79237
874936	438493
294155	190621
108113	867923
153630	659942
113766	558195
523684	414038
625714	190621
152061	292101
290906	752559
412301	118398
160997	643627
221809	26867
701087	855011
257509	185197
649716	795003
82205	891835
78482	430219
442720	620286
136593	815602
874936	585640
198078	528266
209754	410250
474050	300727
367595	600594
562433	609071
710396	855668
578649	11342
609316	27469
397816	82737
417809	29595
795003	625990
322178	11342
616836	438493
630273	83886
5319	627621
322171	471056
522510	0
597524	438493
381833	412740
244080	344562
609210	11342
242490	56203
695578	523684
695578	795148
703678	428079
198078	881521
335160	35847
118398	208950
524242	585640
817484	309564
796411	344781
635163	20157
524242	868027
160241	845229
157321	423254
21875	693274
34682	438493
37134	722764
381833	257738
490171	138970
562433	191253
311844	722764
5319	355208
597927	417728
193375	701455
103142	514067
325466	468651
625714	417728
872106	872310
272070	477647
828241	11342
807267	867923
821092	891835
351926	684131
273716	208950
874936	868027
815602	229705
483955	176178
553829	725962
699442	321753
854209	522510
118398	570294
291036	836410
846213	428822
381762	208398
190621	807658
471915	115267
578122	741330
389904	65302
877381	27469
244080	457636
322171	780757
625990	37134
242490	417728
311844	852746
177732	62288
349364	807027
416170	732662
37134	852746
528596	818816
846213	578122
43929	0
244080	835974
862008	831798
273716	570294
11342	27469
665759	168159
68704	879086
815602	857527
538214	302403
476073	47276
660210	29950
565670	226435
80950	312638
846213	43929
247380	684417
221809	854209
65517	417728
199986	477327
854209	867923
417809	113766
232639	368137
553829	783408
239837	459923
343433	845229
82737	427365
852097	253386
259204	515680
609104	795003
135478	293131
293748	867923
781402	502280
810323	325466
434981	637813
638706	867923
669643	556570
588022	322171
331850	38901
309564	556570
143557	0
453275	0
427365	438493
649828	878997
699442	459923
835220	891835
852097	524707
62075	684131
283476	11342
113766	438493
904700	392477
798461	868027
293131	639705
245632	37134
16790	904700
184056	246522
257509	334657
433516	229705
769029	507700
5319	498344
108113	221809
37134	263225
496782	670462
239837	321753
209754	219457
311844	263225
680052	136593
684131	251877
634053	76868
720270	907561
190621	694953
52347	250578
428822	0
309564	427436
417539	297674
38716	414038
483838	65302
366080	857527
259204	240602
15901	335113
320258	891835
781402	343433
209754	266938
322171	56942
79448	232639
442324	783181
898319	780663
226594	25493
796411	483838
234606	890335
309564	571331
459943	720270
856657	891835
764878	118398
620286	331850
523684	765654
628457	38716
27469	417728
553829	172576
609316	748408
152061	835220
80950	500627
208191	76868
655101	466045
29758	71368
257509	655283
442324	806443
867923	815602
427309	699754
415030	891835
740065	0
752882	10453
255653	68369
672426	414038
366080	659942
432487	292101
826226	625890
901354	438493
823296	417728
449439	46516
890335	3622
464743	816319
163088	914418
855011	857527
548921	795591
780757	615930
443590	859941
365423	11342
37796	276347
892616	438493
242490	333501
874936	877572
293131	322682
5319	649828
157321	492896
24440	331850
658661	177098
104154	454069
760471	227154
136593	0
60892	76868
397816	427365
265746	197344
464225	11342
862008	537484
642451	810323
846213	596104
701087	0
266938	644853
5319	32382
609104	499324
769029	524121
627418	307739
815602	82205
208950	912018
544103	377344
893714	0
193375	177218
102341	11342
578122	410250
890335	432487
365423	191612
136131	891835
291036	477647
359799	555099
701087	80950
37134	814002
215810	891835
857527	561738
68369	549387
25493	528596
780663	86094
616836	381762
670462	79211
392477	213898
835220	494671
79448	29356
699442	56527
499324	625990
577977	219979
221809	872739
273068	885738
649716	904700
190621	310547
578122	417809
385830	492295
701642	861594
722764	438493
316420	562986
491156	0
868027	764878
412301	706497
907084	385622
498344	37134
798461	534181
316420	331850
713924	186561
130954	891835
625890	807027
427309	806917
559767	449439
320258	136131
699442	239837
321753	537167
232639	245403
499324	5319
29546	535748
904700	852746
659942	868027
477647	360656
636635	283476
320258	826226
705154	339789
293131	905685
309564	38716
884543	367595
817484	891835
16790	190079
157321	207770
852746	498344
427309	828855
669643	684131
24440	562986
253125	773282
745315	871379
885067	115516
807027	654625
62075	556570
293131	619596
312638	597722
335160	717013
443590	344781
293131	861098
471056	343433
459923	442720
43929	11342
432487	234606
251877	474050
309564	12303
543999	172576
68369	516246
276347	123086
209754	294155
37796	471056
746613	616836
659942	438493
637361	891835
169762	184056
130954	810323
807658	899420
578122	604646
417539	231800
428822	11342
311844	392477
780757	537167
588022	780757
578122	656867
855011	591577
37134	392477
215810	153782
587645	169762
252685	138970
890335	259204
684131	659888
640341	38716
904700	263225
263225	32382
684131	259336
215810	136131
263225	649828
266938	80791
620286	562986
725962	86094
143557	11342
453275	11342
722764	245632
705154	536623
61311	847145
496782	768279
899420	438493
333501	56203
215810	826226
597524	208398
843911	142270
283476	0
136131	826226
272391	879086
741330	600594
616836	208398
68369	20191
442324	554473
649828	196276
442324	842900
515680	68369
198078	910048
914418	208191
432279	199986
537167	845229
449439	537167
649716	190079
108113	215810
534181	118398
852746	32382
221809	15901
868027	516566
190621	417728
740065	11342
455062	746613
254529	891835
343433	559767
298770	56910
232639	758383
543999	725962
901354	657645
852746	649828
389904	412740
160997	435365
321753	442720
846213	438493
209754	65517
818816	25493
259204	759922
694953	899420
108113	320258
152996	830675
135478	890370
363712	810323
855011	336463
852419	659942
423387	245094
570294	208950
389904	257738
233177	585431
293131	437873
209754	242490
459923	537167
21875	449439
670462	388655
807027	417728
477647	272070
483955	273927
649828	405192
177218	891835
102341	0
528596	912971
893714	11342
658661	210167
343433	21875
234606	255653
868027	122269
294155	490171
901354	879837
292101	298002
86094	898319
662982	867923
133009	344562
796411	662333
263225	498344
491156	11342
684131	556570
183202	421410
891835	302284
417809	160997
363712	891835
615930	37796
417539	516566
153741	891835
459943	226511
524242	880088
679719	912018
365423	0
232639	271548
812955	912018
283476	193375
52347	428079
471056	502280
896450	244080
433516	867923
136593	11342
867959	867923
660210	867923
522149	909387
643627	56203
464225	0
867959	712952
240602	68369
25493	226594
701087	11342
62075	297674
466045	867923
522149	813748
862008	528596
502280	559767
649716	609104
91807	695578
193375	283476
544103	347614
255653	20191
620286	449439
442324	112016
476073	433838
695578	322178
176178	207770
765654	891835
500542	914941
392477	37134
649828	114270
654625	417728
172576	86094
351926	659888
397816	556570
351926	259336
244080	175065
318873	190621
110364	250578
251877	569594
824020	417728
541385	0
854209	320258
796411	859941
90128	854209
795003	5319
29595	344562
719026	60892
643627	417728
549423	468651
366080	867923
741330	160997
215810	484014
152061	234606
745315	5407
764878	734900
416555	257509
414038	609210
810323	515680
381833	65302
120076	867923
160114	11342
412301	636591
255653	516246
245094	226594
859941	807027
24440	449439
516246	468651
251877	556570
848683	11342
609316	514123
163801	537167
415030	438493
484480	514067
412740	625890
61311	561097
502280	21875
316749	281774
322171	276347
558815	438493
578122	294155
76868	494671
603853	534181
810380	312638
443590	483838
815602	867923
642451	669643
318873	417728
293131	816906
649828	37134
830507	654625
507819	522149
32382	37134
233177	796411
609104	190079
136593	273716
209754	604646
658661	135478
810323	240602
642451	438493
209754	656867
855011	867923
386296	403660
578122	65517
867923	11342
3501	416170
588022	471056
273068	417728
427309	596972
642451	542362
901600	768204
427309	393876
846213	835220
544103	21875
578122	242490
442720	845229
759922	432487
814002	771728
427309	587721
914418	670462
37796	780757
29758	222904
351926	556570
334440	293131
51804	354226
197743	554441
62929	891835
515680	549387
800517	38716
157321	771807
677007	11342
16790	609104
907084	39091
710396	432581
795003	524707
381762	438493
852097	676702
507819	95880
725545	816906
387543	558815
295675	578122
52684	438493
901354	571198
514067	665759
524242	534181
901354	601889
333501	417728
615930	440954
392477	858643
807658	842331
82737	556570
490171	20842
857527	438493
817484	6096
190621	361648
363129	254529
507819	277443
426673	417728
20191	468651
428822	463078
649828	858643
477647	477327
729080	891835
769029	364876
253125	824948
190079	427309
427309	24422
828241	0
240602	549387
807658	244080
904700	722764
293748	821092
830507	417728
176178	25493
845229	577977
248983	417728
86094	780663
817484	291036
133009	265746
542362	684131
643627	333501
578649	0
316420	699442
810380	500627
322178	0
251877	659888
600594	0
427309	311844
523684	102341
153630	862008
62929	543999
351926	569594
522510	11342
251877	259336
309564	765654
232480	854209
91807	0
609210	0
136733	732662
423387	297674
27469	227142
687914	867923
670462	465221
273068	392567
240602	833053
549423	259204
695578	136593
612032	857527
273716	577132
534181	528596
438493	134539
857527	38716
363220	694953
335113	320258
466045	824375
172576	898319
823296	410768
833053	549387
381833	319593
273068	668324
758316	178530
764878	226594
415030	751670
523684	43929
169762	719026
417539	332399
239196	376217
909387	169316
322178	240416
312638	793245
430049	867923
542362	669643
760471	134471
597927	796411
118398	912018
901354	878960
745315	339789
514123	376243
807658	29595
112028	837661
221809	11342
542362	438493
477647	432279
524242	764878
257738	65302
591577	11342
562986	537167
684417	891835
852097	859996
325466	432487
846213	153741
451592	34682
425102	483955
637361	609210
631381	412740
549387	549423
38677	907084
499324	722764
136593	760842
37134	554817
514067	422443
95880	879086
499324	892616
507819	78482
135478	658661
21875	705154
412740	65302
728417	821092
266938	160997
559767	781402
616919	312638
879086	438493
835220	663429
169762	198078
672426	891835
363712	464225
874936	74101
190621	363220
693274	322171
193375	867923
720270	643775
627418	563754
652776	725545
725962	780663
549387	516246
293131	229491
856353	891835
427309	904700
215810	496074
491156	760842
515680	833053
363220	807658
631381	257738
434981	861594
363712	102341
705154	46516
543999	11342
516246	259204
360656	404278
538214	438493
578122	643627
416555	523515
625890	233177
500627	891835
363220	310547
208191	677007
795003	852746
30115	823296
6096	404278
416170	136733
366080	322178
176178	862008
334440	746613
294887	516246
585431	859941
52684	397816
277443	879086
443868	725545
625990	649716
318873	668575
663429	891835
701455	891835
615930	693274
415030	38716
826226	381833
684435	768204
642451	684131
38716	891835
273716	176178
215810	135217
390237	459923
558815	38716
535748	0
70082	245094
713924	807920
740065	197743
80791	643627
721453	867923
157321	805930
754862	26062
276347	322171
912018	136593
628457	891835
846213	765654
361648	417728
713924	417728
634053	226511
81563	556570
768204	417728
695578	867923
754862	11342
466045	180285
609104	427309
645018	0
652810	310937
553829	0
907084	195097
61311	226594
527419	641638
208950	570294
298002	234606
753441	421410
157321	549034
562986	442720
245632	649716
857934	867923
412740	349364
294887	20191
891835	11342
294155	248295
417809	80791
266294	25493
810323	255653
807658	133009
652810	334734
828228	169316
21875	781402
628457	543999
205034	632721
381762	799419
52684	82737
559767	705154
857934	522510
616919	500627
578122	248983
795003	263225
244080	43379
235849	857527
309564	332399
494324	209754
390237	321753
896450	113766
48192	867923
695578	300017
135478	210167
496782	114502
440954	471056
343433	577977
20191	259204
627418	406513
426863	570294
752882	500627
385830	284174
669643	542362
120182	65302
594337	438493
232480	857934
609316	691037
90128	0
76868	914418
80950	10453
732540	65302
874936	210384
703678	557481
826226	257738
311622	136593
868027	585640
387543	205034
867923	760842
387543	38716
160241	577977
172576	780663
266938	600594
113766	248954
440954	780757
769029	899350
381762	597524
826226	412740
266294	412301
741330	80791
652810	3344
257509	102566
412301	226594
884543	0
616836	877491
833053	68369
693274	276347
810323	294887
334440	177098
273068	279398
29758	321753
649716	427309
427309	795003
414038	891835
387543	672426
852097	523822
0	867923
27469	720341
56203	333501
309564	538214
295675	527419
578122	713924
5319	438493
780757	502280
859941	269278
522510	15901
603853	245094
527419	218941
230053	409118
230053	459503
745315	676428
901600	915074
311844	625990
890335	468651
524242	120733
234606	515680
293131	146550
90128	512812
244080	438493
37134	625990
835220	153741
725962	898319
609316	290906
523684	754862
585431	662333
659942	423387
722764	32382
523684	891835
273716	26960
234606	240602
502280	577977
846213	38716
795148	891835
701087	426863
722764	649828
29758	459923
263225	245632
868027	438493
795003	722764
636635	867923
199986	817484
427436	251937
293131	871379
427309	185821
232480	512812
764527	0
427309	74397
780757	343433
69618	65302
798461	764878
852746	245632
826226	732540
752882	312638
874936	245094
295675	344562
563600	11342
725545	146550
294155	252685
16790	427309
699442	71368
259204	890335
846213	414038
867959	283476
29595	895867
56203	417728
597524	578337
385830	11342
11342	638706
427309	499324
96460	489129
136733	402977
527419	219457
815602	884543
209754	643627
312638	632721
386296	828241
544103	577977
442324	612035
494671	11342
830621	907084
665759	846740
640341	438493
496782	3225
24440	705154
277443	341364
499324	852746
247548	11342
507819	287957
293131	801903
104154	81453
904700	5319
514067	846740
826226	69618
852097	81660
781402	615930
232480	0
859941	233177
496782	184056
332399	70082
512812	867923
209754	248983
438493	396680
810323	118398
499324	263225
740065	32366
29758	56527
412740	752874
90128	857934
807658	113766
534181	669525
331850	239837
722764	498344
334440	499324
483955	886955
297674	226594
471056	537167
38716	428822
190079	609104
713924	361648
309564	438493
427365	556570
160114	760842
522149	879086
620286	705154
512812	522510
877491	725545
669643	438493
52684	427365
316420	29758
229705	149447
789355	386296
47276	872310
442324	844885
432279	477647
630273	213411
597927	585431
616836	652776
70082	297674
335160	716142
713924	438493
780757	440954
76868	60892
257738	585431
562986	699442
389904	417728
578649	3501
240602	292101
273716	306723
69618	867959
5319	190079
331282	765654
699442	845229
768204	640341
810323	152061
732662	416170
760842	414038
867923	857527
483644	38716
823296	578337
484480	701642
640341	768204
56203	166029
79448	130343
433516	0
807658	294155
483838	417728
257509	243841
867959	0
20191	890335
759922	240602
464225	867923
209754	899420
672426	914941
874936	21256
515680	292101
654625	38716
102341	867923
400909	828241
759922	515680
412301	805930
245094	25493
319393	891835
466045	479137
70082	176178
722764	311844
496782	356790
208950	800517
510754	426673
387341	541385
846213	877381
412740	585431
658661	597524
245632	5319
846213	661340
293131	627418
474050	105717
763838	417728
266938	410250
152061	516246
251937	747775
466045	450550
833053	298002
680052	812955
477327	363712
151091	10453
680052	679719
857527	27469
416170	873411
431394	289318
11342	891835
416170	82737
807658	65517
283476	160114
535748	884543
496782	128383
245094	28238
70082	818816
638706	11342
417809	896450
814002	177098
516246	890335
387543	609316
852097	561097
659888	658437
705154	321939
898319	543999
255653	234606
826226	597927
578122	244080
361648	44325
403688	343081
523684	115472
874936	502158
120182	796411
514123	479647
104154	684131
679719	810323
609104	775365
855011	80950
392477	625990
157321	909452
490171	78635
741330	896450
293131	266853
732540	585431
416170	768837
108113	11342
701087	857527
263225	499324
287957	907084
745315	515669
226594	293403
785262	766457
273068	905675
52347	110364
331850	438493
232639	601555
455062	443868
205034	616919
658437	483838
112028	441116
91807	867923
609210	867923
780757	37796
807658	604646
366080	695578
60892	231854
397816	732662
523684	321961
257509	433622
807658	656867
830507	257738
543999	628457
781402	449439
828241	867923
578122	899420
82737	732662
245094	412301
812955	561738
679719	561738
432487	516246
284174	891835
412740	794116
431394	386271
703678	240512
817484	893862
872310	872106
443590	233177
69618	585431
5319	609104
466045	0
112028	543999
416170	427365
209754	842331
442720	239837
143557	857527
553829	885947
136733	556570
205034	752882
514067	861594
412740	68434
909387	532150
209754	244080
273716	541385
597524	410768
852746	499324
29758	577977
896450	197344
597927	65302
91807	136593
857527	661340
244080	417728
27469	828241
316308	391182
115472	11342
230053	316787
427309	245632
120076	0
713924	175501
440954	577977
890335	759922
136593	659942
577977	537167
135478	381762
403327	637361
652776	146550
562986	29758
52347	674972
835220	203547
854209	15901
634053	208191
496782	191948
810019	891835
387341	891835
403327	153782
311622	815602
582015	438493
363220	527419
294155	247548
645018	300017
719026	914418
752874	411301
169762	720270
68704	539794
796411	22873
417809	410250
857934	512812
209754	29595
722764	499324
630273	782771
135478	597524
427309	498344
643627	483166
15901	826226
649828	696016
868027	392567
26960	453107
846213	331282
81453	556570
563600	857527
310547	643627
290906	827377
15901	136131
48192	0
293131	308461
710396	867524
867923	523684
514067	434981
638706	760842
616919	655101
684417	466045
333501	166029
603853	206793
266938	896450
95880	29893
693274	845229
694953	651780
588022	577977
558815	768204
215810	701385
625990	722764
577132	566915
432279	360656
146550	610899
60892	208191
914941	11342
687914	0
483166	190621
780663	543999
318873	572380
177218	321961
899420	417728
203547	729080
423387	818816
209754	133009
297674	25493
11342	427436
764878	412301
868027	273927
416170	52684
321961	11342
273716	43929
652810	390886
65302	859941
78482	907084
471056	37796
456978	891835
293131	517511
169762	163088
81453	259336
344781	417728
631381	417728
443868	146550
427309	32382
659942	417728
459923	331850
387543	768204
745315	627415
160241	577132
29758	24440
524242	835704
160241	44270
443590	807027
625990	263225
874936	835704
634053	670462
191253	145446
826226	654625
273716	494671
578122	29595
500627	687914
500542	891835
764527	867923
245632	852746
298002	20191
29758	620286
335160	529834
297674	412301
157321	486695
183202	47445
490171	294155
474050	113789
625890	344781
316308	681325
483955	70082
764878	25493
334440	652776
293131	725545
316420	442720
294887	234606
699442	430375
859941	483838
676560	891835
817484	152983
118398	561738
848683	254529
705154	219979
37796	577977
248983	438493
273068	585640
830621	884654
245094	802848
553829	355808
713924	60496
694953	643627
232480	522510
25493	662111
381833	585431
826226	830507
263225	311844
230053	858361
273068	868027
857527	417728
37134	487004
815602	561337
136593	684417
604646	456427
643627	438493
335113	11342
300017	62929
312638	573430
692491	496074
198078	141379
90128	522510
325466	240602
160241	240730
541385	535748
781402	705154
703678	758316
442324	336244
163088	47128
891835	451592
417809	219457
824020	438493
463078	891835
877491	146550
852746	311844
5319	427309
746613	213898
392477	511850
321753	331850
578122	494324
604646	344562
293131	618541
427365	732662
60892	670462
325466	515680
807658	643627
146550	592438
656867	344562
471056	440954
658661	381762
768204	38716
293131	20253
86094	38716
874936	756187
570294	800517
349364	859941
363129	11342
636635	0
577132	189278
603853	835704
769029	907365
427309	731212
741330	410250
642451	731058
415030	417728
331850	845229
649716	438493
166029	190621
416170	438493
578122	133009
302403	10453
293131	858643
363220	265746
191253	417728
80791	592438
334440	877491
427309	617987
591577	857527
266294	226594
830621	157161
616836	177098
207770	659942
29758	358478
29758	845229
912018	273716
177732	306969
151091	500627
874936	417728
215810	108113
385830	867923
483955	172695
257509	492457
616919	199986
120182	417728
69618	654625
753441	765410
620286	537167
494671	867923
263225	427309
209754	160997
612032	132653
172576	891835
108113	854209
625990	392477
830675	892443
440954	845229
868027	818816
247548	867923
534181	25493
720270	459943
795003	595203
483955	245094
349364	344781
556570	81563
363129	430049
846213	321961
417809	242490
616836	658661
266294	483955
535748	857527
229705	433516
609316	316308
226594	852097
658661	208398
753441	759119
325466	759922
24440	537167
528596	835121
56203	527419
242490	483166
335113	857934
320258	108113
713924	835974
515514	747419
253125	51804
248983	209754
498344	852746
402977	416170
483838	796411
527419	899420
722764	190079
713924	427436
152061	833053
392477	722764
151091	312638
61311	367043
335113	0
412301	337789
695578	463078
232639	663251
522149	907084
732540	654625
423387	392567
658437	512641
294887	292101
302284	891835
276347	556570
16790	245632
904700	858643
335160	34682
534181	243413
745315	344551
637361	630273
208950	571331
331850	620286
136593	578649
43929	173029
311622	679719
852746	427309
257509	787950
163088	60892
5319	311844
311622	812955
833053	185335
528596	764878
846213	703678
197743	891835
603853	417728
625890	859941
637361	403327
830621	879086
645018	659942
665759	637813
616836	210167
896450	721790
230053	366590
331850	24440
363129	0
636635	11342
295675	190621
389904	796411
684131	81453
725545	334440
387543	638706
507819	438493
652810	795230
240512	294849
276347	559767
359799	380518
38677	879086
823296	438493
32382	852746
578122	160997
293131	717597
95880	907084
720270	634053
649828	852746
459923	220994
722764	609104
392477	263225
190079	498344
81453	38716
746613	725545
381762	746613
559767	537167
25493	857527
320258	335113
427309	462325
65302	344781
81453	684131
527419	223409
654625	169762
483644	543999
412301	603853
169762	226511
215810	335113
754862	867923
720270	60892
361648	527419
670462	184056
52684	732662
891835	867923
412301	255873
616836	135478
276347	21875
293131	291469
412301	874936
68369	298002
725962	891835
846213	499324
748632	438493
135478	540680
146550	339789
507819	594337
427309	775365
251877	81453
824020	891835
426673	832139
48192	11342
577132	412527
311622	387341
297674	765217
814002	764480
914941	0
687914	11342
65517	438493
701642	846740
113766	748754
562986	705154
230053	624510
359799	340981
855011	426863
609104	245632
221809	522510
427309	177732
257738	654625
190079	32382
432487	833053
392477	814002
21875	537167
239196	705446
412301	229499
741330	242490
163088	321983
620286	446102
242490	438493
898319	38716
765654	238717
252685	294155
649828	889094
645018	483838
272070	432279
548921	891835
232639	229489
565670	901600
293131	213898
901354	182634
91807	500627
292101	20191
867959	760842
534181	412301
277443	907084
244080	658583
15901	891835
176178	294155
245094	540237
846213	115472
760842	891835
113766	417728
699442	577977
321961	0
543999	867923
412740	654625
226594	734900
190621	682966
283476	635163
332399	176178
29595	417728
527419	133009
412740	597927
810380	63509
210167	622917
108113	0
890335	515680
234606	468651
692491	891835
263225	609104
684131	104154
334440	438493
344781	796411
631381	796411
136733	397816
60892	114502
209754	80791
331850	577977
752882	762710
890335	240602
81453	826923
381762	293131
247548	535748
654625	65302
559767	502280
363220	166029
807658	741330
609104	498344
656867	438493
333501	527419
571331	642451
432487	549387
385830	720756
21875	343433
62075	748754
636635	760842
335160	438493
152061	68369
135478	208398
528596	177301
597927	257738
466045	11342
335160	280467
5319	499324
184056	914418
609104	32382
634053	114502
449439	219979
37796	845229
21875	502280
190079	245632
25493	874936
190621	265746
877491	616836
826226	585431
335113	854209
818816	528596
332399	157321
684820	830675
277443	38689
152983	477647
701087	591577
427309	319391
32382	5319
649828	5319
259204	432487
502280	322171
244080	426789
86094	543999
417809	242080
729703	438493
417539	835704
115472	0
830675	893714
120076	11342
830507	65302
534181	344791
848683	867923
108113	857934
273068	127840
381833	654625
293131	759045
257509	316336
11342	538214
907084	585141
222904	331850
37134	649716
27469	316308
852746	609104
523684	830675
25493	603853
527419	29595
512812	15901
814002	786566
442720	459923
559767	343433
266938	242490
535748	684417
538214	752882
29758	430375
578122	80791
680052	311622
652776	616836
20191	255653
740065	867923
654625	556570
914418	828296
699442	620286
343433	322171
722764	427309
104154	259336
781402	693274
26960	332349
912018	760842
190621	26256
309564	914941
257509	698532
392477	322600
480435	891835
699442	24440
630273	364876
893714	867923
152061	549387
449439	705154
242490	295675
665759	177639
588022	845229
190621	641211
427309	771135
558815	562433
302403	500627
255653	292101
553829	62929
432487	68369
852746	190079
562986	449439
190621	527419
16790	498344
494324	417728
208191	184056
570294	571331
298770	351926
433516	11342
649716	649828
867959	11342
523684	331282
824020	91807
219457	197344
828228	634231
701642	665759
655101	891835
426863	891835
665759	727516
251877	104154
311622	483955
516246	255653
272070	360656
263225	190079
807658	266938
51804	773282
316749	438493
627418	367595
672426	140656
104154	556570
240602	234606
542362	884209
332399	153630
322171	559767
693274	577977
221809	170454
43929	867923
37134	856881
312638	417728
543999	553829
780663	38716
16790	32382
428822	867923
302403	312638
245094	765217
515680	234606
498344	5319
854209	512812
585431	209126
176178	528596
26960	37912
103142	701642
549423	255653
638706	0
322171	21875
240416	110364
857934	15901
133009	417728
160997	592438
283476	96460
609210	821092
443868	616836
538214	616919
714886	891835
423387	273068
896450	410250
432279	339092
412740	628457
569594	104154
852097	535036
248983	417809
198078	128198
20191	298002
29758	699442
287468	11342
725545	438493
759922	234606
561738	247380
390237	331850
277443	169316
477647	693969
522510	108113
191253	485840
565670	697650
769029	659942
416170	220965
152996	0
549387	255653
240602	759922
515680	759922
898319	725962
846213	578649
265746	190621
392567	899486
322178	39711
765654	856353
400909	11342
209754	310547
259204	68369
483644	0
722764	263225
746613	208398
852419	630135
828228	879086
392477	609104
316420	222904
874936	603853
220965	438493
649716	37134
499324	498344
904700	245632
80950	438493
290906	23058
835220	416555
516246	298002
523684	857527
528596	226594
824020	695578
856353	73631
909387	879086
238717	0
81453	154115
15901	512812
741330	438493
331850	449439
215810	90128
255653	515680
392477	138833
163088	409659
255653	240602
309564	867923
245094	392567
600594	417728
333501	741330
403327	0
659942	61311
209754	807658
442324	891835
152061	432487
496782	246522
874936	580383
719026	184056
417809	483166
764878	273068
499324	32382
780663	11342
585431	360446
643627	410250
833053	890335
810323	20191
556570	104154
807658	527419
603853	874936
245632	904700
209754	694953
169762	745315
136593	321961
874936	421314
95880	169316
898319	172576
857934	826226
658437	263405
259336	794973
845116	438493
5319	625990
907084	438493
47276	558520
37134	438493
271676	417728
857934	136131
103142	846740
414038	320258
333501	266938
527419	363220
693274	449439
818816	868027
620286	903059
385830	526500
381833	344781
523684	483838
272070	152983
658661	725545
235849	891835
440954	693274
292101	468651
113766	10062
710396	870124
784413	0
807658	265746
896450	344562
818816	585640
3501	402977
220965	52684
625890	516135
259204	549387
136593	115472
297674	273068
625990	499324
795003	498344
240416	891835
392477	863274
677789	867923
412301	417728
118398	812955
625890	585431
118398	679719
741330	483166
728417	891835
522149	169316
652810	510422
29546	438493
412740	120182
603853	10683
291036	809972
25493	577078
70082	492896
363220	643627
522510	335113
523684	763838
453275	499324
578122	310547
273716	812955
417809	438493
578649	830675
273716	679719
26960	772846
471915	891835
466045	38716
578122	807658
245632	795003
914432	523515
72432	11342
800517	136593
259336	104154
780757	559767
434981	103142
907084	896112
659888	104154
699442	705154
764527	498563
745315	368883
402977	397816
694953	265746
835974	190621
859941	796411
769029	288563
483955	226594
670462	694338
416170	484538
562986	577977
331282	0
665759	809797
293131	381762
392477	190079
612032	891835
146550	177098
538214	10453
512812	136131
890335	292101
537167	46516
705169	701314
695578	438493
293131	782771
868027	862008
780757	21875
331850	562986
233177	807027
578122	694953
512812	826226
795003	32382
266938	483166
835220	143557
752882	632721
140656	0
412740	344781
417539	207770
120182	483838
781402	845229
297674	392567
244080	177661
320258	522510
219457	438493
183202	768204
291036	816291
852746	722764
442324	443697
471056	559767
381762	146550
160997	417728
146550	135359
699442	562986
780663	725962
220965	427365
559767	276347
523684	684417
293131	201305
556570	81453
643627	896450
244080	5601
543606	11342
471056	21875
136131	867923
425102	157321
392477	427309
703678	711744
705154	188346
293131	597524
588022	693274
768204	477647
874936	908063
257738	344781
297674	72432
845229	537167
901354	137092
366080	438493
741330	295675
363220	65517
68369	255653
208191	672426
331850	705154
215810	522510
417539	3648
434981	484480
528596	852097
803972	0
316420	459923
37134	742347
56203	741330
780663	172576
868027	25493
534181	818816
21875	276347
732662	556570
854209	891835
363220	294155
710396	608587
259204	833053
25493	417728
898319	11342
877381	11342
570294	544440
760842	680052
309564	535748
367595	541385
527419	361648
221809	335113
427309	715883
680052	561738
548921	293748
387543	788071
537167	600594
234606	20191
81453	553607
325466	810323
830675	0
798461	659942
425102	176178
199986	291036
65302	654625
713924	219457
293748	891835
760471	386271
569594	81453
654625	222696
263225	722764
795003	245632
103142	665759
226594	764878
835220	867923
293131	579482
701087	48192
425102	26960
665759	299367
416555	914432
896450	578122
625990	311844
449439	577977
826226	859941
705154	845229
562986	24440
136733	416170
785262	730143
852419	385830
135478	725545
220965	82737
56203	266938
266294	438493
434138	867923
443590	319593
896450	243366
562986	620286
72432	760842
604646	197344
259336	81453
294887	515680
363712	415030
732540	344781
554441	747971
659888	81453
483955	548209
699442	449439
807267	891835
656867	197344
203547	0
554441	408222
412740	389904
693274	781402
417539	419001
205034	312638
332399	862008
904700	32382
796411	360446
554441	0
294887	240602
425102	153630
561337	891835
852419	891835
691037	21965
753441	742076
208398	363812
630273	329009
417809	295675
293131	799419
232639	330207
38716	500627
679719	812955
852746	263225
494324	113766
812955	679719
363220	604646
387543	867923
37796	693274
846213	300017
363220	656867
198078	150073
785262	688481
520734	867923
535748	331282
37134	83676
815602	149447
527419	190621
149447	867923
266938	438493
276347	190917
272070	893862
361648	828499
349364	654625
535748	784413
325466	234606
499324	245632
904700	498344
69618	344781
293131	775365
760471	289318
745315	232530
507819	582015
205034	500627
86094	0
70082	417539
5319	392477
693274	705154
616919	632721
868027	285476
245094	273068
221809	108113
68704	438493
764878	392567
230053	791303
442324	442591
177732	306272
430049	464743
311844	828241
190621	643627
140656	760541
527419	694953
562986	845229
665759	732098
242490	896450
432279	152983
79448	713984
69618	859941
251448	102988
855011	891835
588022	449439
477647	291036
812955	311622
679719	311622
904700	38716
746613	597524
325466	292101
263225	392477
722764	625990
625990	427309
136131	320258
554441	11342
559767	780757
283476	636635
311844	32382
37134	649828
527419	807658
232480	335113
176178	297674
423387	25493
297674	818816
203547	11342
729080	867923
855011	494671
366080	891835
527419	310547
415030	659942
877491	746613
276347	440954
852746	392477
294887	759922
874936	345101
765654	867923
90128	335113
732540	859941
287957	867895
877381	366080
297674	602469
815602	891835
86094	11342
392477	828855
410250	344562
183202	359799
287957	169316
351926	298770
5319	263225
344781	483838
631381	483838
311844	498344
625890	654625
21875	780757
136593	877381
578122	363220
826226	344781
856353	284059
534181	392567
273068	528596
363220	741330
807658	166029
563600	554441
652776	746613
24440	321753
21875	471056
443590	98303
302403	752882
232639	887268
417809	835974
732662	397816
810380	414038
38716	535748
854209	826226
695578	91807
859941	417728
652810	663304
130741	672426
543606	0
417809	863554
190621	133398
854209	136131
392477	311844
333501	643627
153630	880088
140656	11342
912018	571331
440954	781402
861594	484480
403327	760842
252685	527419
68369	890335
585431	65302
725545	652776
232480	108113
620286	321753
104154	760842
153741	867923
294887	325466
660210	891835
464225	20191
5319	722764
484480	665759
363220	266938
538214	500627
136593	27469
104154	154115
803972	11342
543999	86094
523684	578649
474050	500810
852419	438493
582015	771655
662982	891835
38716	416555
428079	147045
877381	0
898319	0
826226	389904
332399	417539
764878	818816
29758	705154
423387	412301
25493	835704
257738	859941
163088	76868
130954	867923
846213	857527
788071	901600
440954	705154
336463	417728
471915	699910
239837	331850
559767	471056
817484	360656
459943	169762
672426	535748
16790	858952
209754	363220
538214	312638
56203	604646
451592	857527
316420	239837
208950	273716
293131	70261
637361	867923
830675	11342
90128	108113
136593	549387
435804	494671
512812	306723
331850	29758
302403	616919
37796	449439
872106	558520
725545	877491
443868	746613
412740	859941
276347	37796
208191	914418
661340	477647
874936	816332
293131	35345
266294	245094
389904	483838
652776	293131
784413	11342
322171	440954
29758	562986
232639	376062
417539	87753
312638	896793
699442	29758
402977	556570
293131	499701
86094	725962
349364	545544
810380	438493
432487	259204
914418	246522
349364	585431
846213	363712
151091	752882
818816	534181
578122	190621
68704	802414
5319	567754
412301	835704
232639	908856
588022	781402
570294	273716
198078	58225
632721	609316
512812	891835
209754	361648
273068	118398
625990	609104
104154	273716
890335	234606
807027	233177
543999	898319
70082	25493
293131	208398
52347	596104
104154	118398
891835	112028
291036	214266
260412	665069
86094	172576
293131	674889
796411	65302
880088	419746
366080	91807
659942	603853
259204	516246
713924	898153
507819	845116
874936	446524
669643	642451
872106	47276
765654	535748
293131	169316
318873	197344
232639	494576
151091	616919
72432	0
643627	242490
417809	578122
311622	561738
432279	893862
498344	795003
251937	901354
417539	659942
199986	693969
198078	229177
588022	705154
190621	656867
642451	62075
449439	845229
273716	311622
705154	577977
245094	818816
381833	859941
414038	867923
649828	904700
0	891835
242490	410250
52684	130368
861594	103142
32382	904700
331282	11342
659942	874936
443868	293131
3501	136733
343433	615930
118398	311622
146550	210167
721453	891835
56203	643627
818816	880088
38716	867923
251937	508819
190621	65517
507819	68704
37796	705154
152996	11342
852097	764878
78482	169316
695578	891835
846213	684417
483955	101473
909387	884654
381762	616836
321961	835220
703678	51804
60892	169762
663429	867923
287468	0
630273	286793
672426	453275
152061	259204
276347	133398
136593	830675
578122	361648
483644	11342
440954	449439
392477	499324
163088	299194
322171	37796
484480	846740
722764	392477
263225	625990
205034	10453
543999	780663
65302	585431
814002	554817
232639	439189
502280	615930
753441	148455
627418	438493
542362	642451
232639	209021
209754	190621
29758	449439
300017	417728
311844	245632
293131	649499
857934	891835
400909	0
658437	417728
255653	759922
498344	904700
177732	871379
826226	120182
265746	56942
833053	255653
430049	891835
403327	11342
877491	293131
219457	344562
634053	169762
759922	292101
37796	781402
515680	240602
649828	795003
61311	835704
852746	625990
523684	3501
615930	322171
293748	135217
760842	319393
38716	136593
238717	11342
32382	795003
412740	91101
113766	600594
534181	273068
193375	891835
672426	867923
781402	577977
240602	515680
616919	153741
670462	914418
312638	512197
817484	432279
26960	355303
625990	190079
780663	0
190621	294155
331850	699442
298002	468651
333501	604646
443590	412740
746613	381762
72432	170454
242490	160997
331282	230053
649716	852746
298770	259336
609104	722764
705154	211974
208191	246522
451592	11342
177732	304462
693274	537167
642451	118398
830675	857527
417809	694953
635163	11342
459943	634053
425102	332399
558815	748632
245094	108809
284174	867923
69618	662982
852097	278751
76868	208191
824020	500627
725962	628457
630273	45663
209754	483166
244080	815536
230053	676147
293131	780143
746613	658661
812955	136593
616919	27469
679719	136593
248983	494324
104154	351926
417809	807658
292101	515680
443868	652776
292101	240602
753441	213523
652776	877491
222904	459923
163088	114502
846213	11342
266294	818816
859941	38716
442720	331850
845229	219979
867923	835220
230053	225958
427365	220965
499324	427309
637361	662982
272070	309564
220965	732662
725545	746613
443868	877491
82205	11342
271676	632721
637361	660210
803972	857527
857527	118398
904700	190079
432487	890335
817484	477647
52347	824948
